-0.1 9.6
-0.1 9.6
-0.1 9.6
-2.3 8.2
5.0 4.2
-0.3 0.3
3.5 2.9
-4.7 3.0
0.8 -7.2
7.0 -4.2
-4.1 -3.9
6.2 2.4
0.8 -1.1
0.3 -5.0
1.9 -4.3
1.9 -4.3
-2.8 -2.8
-2.8 -2.8
-9.2 -2.2
-9.3 -2.1
-9.7 -6.5
-3.0 -8.3
-3.9 -14.1
-8.6 -13.7
-8.7 -13.7
-8.7 -12.6
-6.6 -12.6
-6.5 -15.2
-4.2 -12.8
-4.2 -12.8
-1.7 -12.2
3.1 -10.8
8.4 -13.8
9.5 -9.9
4.4 -8.8
9.2 -5.8
7.3 2.2
7.5 4.5
11.2 6.4
7.7 9.2
5.0 8.2
-0.3 7.2
-8.8 11.8
-14.7 9.7
-11.8 1.0
-8.6 5.2
-10.9 5.5
-7.3 8.7
-13.2 11.8
-6.7 10.2
5.7 11.6
11.1 11.7
11.1 3.0
11.7 -2.1
8.9 -1.9
5.5 -0.9
4.7 -4.5
5.5 -9.5
5.2 -15.2
2.8 -12.6
-0.5 -10.7
-4.6 -9.7
-8.2 -9.7
-11.3 -11.0
-12.2 -14.3
-13.7 -8.5
-11.8 -5.2
-12.0 -4.0
-7.2 -0.2
-9.4 3.9
-12.1 4.7
-8.2 8.4
-10.7 10.1
-5.0 11.4
0.1 9.6
0.5 13.1
2.6 12.2
2.6 10.4
2.3 3.0
-2.3 4.3
